6
4 0 1

1.0 1.0 1.0
0.0 0.75 0.0
0.75 10 5

1.0 1.0 1.0
0.0 1.0 0.0
0.25 5 5

0.0 0.0 0.0
-0.05 0.05 0.14
0.1 5 5

1.0 0.0 0.0
0.1 0.0 0.0
0.1 5 5

1.0 0.5 0.5
-0.05 -0.05 0.0
0.0 1.0 0.0 0.0
0.08 0.5 5 2

4 0 1

1.0 0.0 0.0
0.0 0.75 0.0
0.75 5 5

1.0 0.0 0.0
0.0 1.0 0.0
0.25 5 5

0.0 0.0 0.0
-0.05 0.05 0.14
0.1 5 5

1.0 1.0 1.0
0.1 0.0 0.0
0.1 5 5

1.0 0.5 0.5
-0.05 -0.05 0.0
0.0 1.0 0.0 0.0
0.08 0.5 5 2

4 0 1

1.0 0.0 1.0
0.0 0.75 0.0
0.75 5 5

1.0 0.0 1.0
0.0 1.0 0.0
0.25 5 5

0.0 1.0 0.0
-0.05 0.05 0.14
0.1 5 5

1.0 1.0 0.0
0.1 0.0 0.0
0.1 5 5

1.0 0.5 0.5
-0.05 -0.05 0.0
0.0 1.0 0.0 0.0
0.08 0.5 5 2

4 0 1

0.7 1.0 1.0
0.0 0.75 0.0
0.75 5 5

0.7 1.0 1.0
0.0 1.0 0.0
0.25 5 5

0.4 0.2 0.9
-0.05 0.05 0.14
0.1 5 5

0.0 0.7 0.3
0.1 0.0 0.0
0.1 5 5

1.0 0.5 0.5
-0.05 -0.05 0.0
0.0 1.0 0.0 0.0
0.08 0.5 5 8

4 0 1

1.0 1.0 1.0
0.0 0.75 0.0
0.75 5 5

0.0 0.0 0.0
0.0 1.0 0.0
0.25 5 5

1.0 1.0 1.0
-0.05 0.05 0.14
0.1 5 5

1.0 0.0 0.0
0.1 0.0 0.0
0.1 5 5

1.0 0.5 0.5
-0.05 -0.05 0.0
0.0 1.0 0.0 0.0
0.08 0.5 5 2









3 0 1

1.0 1.0 1.0
0.0 2.0 0.0
0.25 20 10

0.0 0.0 0.0
-0.05 0.05 0.14
0.1 5 5

1.0 0.0 0.0
0.1 0.0 0.0
0.1 5 5


1.0 1.0 1.0
-0.05 -2.05 -0.14
270 1.0 0.0 0.0
0.5 1.75 5 2